涂料种类：21种
训练数据：21种中选择3种生成相应的配方
配方筛选：涂料浓度小于0.1时舍去
输出结果：色差最小的top3

######## Test Sample 0 ########
[0.         0.33588922 0.         0.         0.         0.
 0.         0.         0.         0.         0.         0.
 0.         0.         0.         0.47536707 0.         0.
 0.         0.         0.        ]
color diff: 24.28

[0.         0.3110456  0.         0.         0.         0.
 0.         0.         0.33374864 0.         0.         0.
 0.         0.         0.         0.4010361  0.         0.
 0.         0.         0.        ]
color diff: 24.31

[0.         0.37267563 0.         0.         0.         0.
 0.         0.         0.31707573 0.         0.         0.
 0.         0.         0.         0.         0.         0.
 0.         0.         0.        ]
color diff: 24.33

######## Test 0 ########
tensor([0.0000, 0.0000, 0.0000, 0.0000, 0.0000, 0.0000, 0.0000, 0.0000, 0.0000,
        0.0000, 0.0000, 0.0000, 0.0000, 0.0000, 0.0000, 0.0000, 0.0000, 0.0000,
        0.7887, 0.3985, 0.4462])
################
[0.        0.        0.        0.        0.        0.        0.
 0.        0.        0.        0.        0.        0.        0.
 0.        0.        0.        0.        0.1353192 0.8655891 0.       ]
color diff: 6.19

[0.         0.50257075 0.         0.19795357 0.         0.21461774
 0.5764596  0.62191    0.         0.24975598 0.         0.
 0.         0.3534003  0.         0.         0.         0.13669479
 0.22932759 0.44369334 0.5792491 ]
color diff: 6.38

[0.         0.         0.         0.         0.         0.
 0.         0.         0.         0.         0.         0.
 0.         0.         0.         0.         0.         0.
 0.         0.21031666 0.5153711 ]
color diff: 6.41




######## Test 1 ########
tensor([0.0000, 0.0000, 0.0000, 0.4616, 0.0000, 0.0000, 0.0000, 0.0000, 0.2031,
        0.0000, 0.0000, 0.0000, 0.0000, 0.4696, 0.0000, 0.0000, 0.0000, 0.0000,
        0.0000, 0.0000, 0.0000])
################
[0.        0.5266271 0.        0.        0.        0.        0.
 0.        0.3957485 0.        0.        0.        0.        0.
 0.        0.        0.        0.        0.        0.        0.       ]
color diff: 15.87

[0.        0.        0.        0.        0.        0.        0.
 0.        0.        0.        0.        0.        0.        0.
 0.1125872 0.        0.        0.        0.        0.6220019 0.       ]
color diff: 17.61

[0.         0.         0.49153093 0.79798424 0.         0.
 0.6892378  0.         0.         0.         0.         0.
 0.         0.         0.         0.49179903 0.         0.
 0.         0.         0.        ]
color diff: 18.50




######## Test 2 ########
tensor([0.0000, 0.0000, 0.0000, 0.0000, 0.0000, 0.0000, 0.0000, 0.8916, 0.0000,
        0.0000, 0.6174, 0.0000, 0.0000, 0.4364, 0.0000, 0.0000, 0.0000, 0.0000,
        0.0000, 0.0000, 0.0000])
################
[0.20137824 0.         0.12541507 0.         0.12127443 0.
 0.10225952 2.5611732  7.8794656  0.41914168 0.10907239 0.
 0.         0.17910959 0.         0.22517505 0.7250759  0.
 0.         0.         0.        ]
color diff: 24.05

[0.         0.44127905 0.         0.         0.12558794 0.
 0.         0.         0.         0.         0.         0.
 0.         0.         0.         0.         0.         0.
 0.         0.96577424 0.        ]
color diff: 24.32

[0.22033499 0.         0.         0.         0.         0.
 0.         0.         0.         0.         0.         0.
 0.         0.         0.11667346 0.         0.11578137 0.
 0.68154395 0.33765736 0.        ]
color diff: 24.72




######## Test 3 ########
tensor([0.0000, 0.0000, 0.0000, 0.0000, 0.0000, 0.0000, 0.0000, 0.0000, 0.0000,
        0.1685, 0.5164, 0.0000, 0.0000, 0.0000, 0.0000, 0.0000, 0.0000, 0.0000,
        0.5189, 0.0000, 0.0000])
################
[0.         0.4643084  0.         0.         0.         0.
 0.         0.         0.         0.         0.         0.
 0.         0.         0.1267467  0.11018197 0.         0.
 0.         0.         0.        ]
color diff: 31.24

[0.         0.         0.         0.         0.         0.
 0.         0.         0.83486634 0.         0.23429728 0.
 0.         0.         0.10361213 0.         0.         0.
 0.         0.         0.        ]
color diff: 31.81

[0.         0.         0.         0.         0.4686856  0.
 0.         0.         0.         0.24180008 0.25108325 0.
 0.         0.         0.         0.         0.         0.
 0.         0.34896687 0.        ]
color diff: 31.88




######## Test 4 ########
tensor([0.5402, 0.0000, 0.0000, 0.0000, 0.0000, 0.0000, 0.0000, 0.0000, 0.0000,
        0.0000, 0.0000, 0.0000, 0.0000, 0.6362, 0.0000, 0.0000, 0.0000, 0.0000,
        0.0000, 0.3919, 0.0000])
################
[0.         0.33588922 0.         0.         0.         0.
 0.         0.         0.         0.         0.         0.
 0.         0.         0.         0.47536707 0.         0.
 0.         0.         0.        ]
color diff: 13.04

[0.         1.2072054  0.         0.77775306 0.18526042 0.
 0.4168062  0.         0.         0.         0.         0.
 0.         0.14689802 0.         0.         0.         0.
 0.         0.         0.        ]
color diff: 13.41

[0.         0.         0.         0.16515546 0.2825003  0.
 0.604134   0.         0.         0.         0.         0.
 0.         0.         0.         0.15062676 0.         0.
 0.         0.         0.        ]
color diff: 13.46




######## Test 5 ########
tensor([0.3239, 0.0000, 0.0000, 0.0000, 0.0000, 0.0000, 0.0000, 0.0000, 0.6632,
        0.0000, 0.0000, 0.0000, 0.0000, 0.0000, 0.0000, 0.0000, 0.0000, 0.8245,
        0.0000, 0.0000, 0.0000])
################
[0.        0.        0.        0.        0.        0.        0.
 0.        0.6515169 0.        0.        0.        0.        0.
 0.        0.        0.        0.        0.        0.        0.       ]
color diff: 17.93

[0.        0.8108396 0.        0.        0.        0.        0.
 0.        0.        0.6341132 0.        0.        0.        0.
 0.        0.        0.        0.        0.        1.2004386 0.       ]
color diff: 17.93

[0.         0.7095713  0.         0.         0.29033762 0.11839485
 0.         0.         0.         0.         0.40267065 0.
 0.         0.         0.         0.         0.         0.
 0.         0.3237255  0.        ]
color diff: 17.93




######## Test 6 ########
tensor([0.0000, 0.0000, 0.0000, 0.0000, 0.2836, 0.0000, 0.0000, 0.0000, 0.0000,
        0.0000, 0.0000, 0.0000, 0.2139, 0.0000, 0.0000, 0.0000, 0.0000, 0.1931,
        0.0000, 0.0000, 0.0000])
################
[0.         0.         0.         0.         0.14413093 0.
 0.3595586  0.         0.         0.         0.         0.
 0.         0.         0.         0.13520716 0.         0.
 0.         1.1760056  0.        ]
color diff: 12.45

[0.         0.23812655 0.         0.         0.         0.
 0.         0.         0.6454406  0.         0.         0.
 0.         0.         0.         0.45046058 0.         0.
 0.         0.         0.        ]
color diff: 13.94

[0.         0.         0.         0.         0.         0.
 0.         0.         0.         0.         0.         0.
 0.         0.         0.         0.         0.         0.
 0.         0.57637185 0.        ]
color diff: 13.96




######## Test 7 ########
tensor([0.0000, 0.0000, 0.2803, 0.0000, 0.0000, 0.0000, 0.0000, 0.7740, 0.0000,
        0.0000, 0.0000, 0.0000, 0.0000, 0.0000, 0.0000, 0.7009, 0.0000, 0.0000,
        0.0000, 0.0000, 0.0000])
################
[0.        0.2261885 0.        0.        0.        0.        0.
 0.        0.        0.        0.        0.        0.        0.
 0.        0.        0.        0.        0.        0.        0.       ]
color diff: 7.03

[0.         0.         0.         0.16515546 0.2825003  0.
 0.604134   0.         0.         0.         0.         0.
 0.         0.         0.         0.15062676 0.         0.
 0.         0.         0.        ]
color diff: 8.46

[0.         0.         0.         0.         0.         0.
 0.         0.         0.         0.         0.         0.
 0.         0.         0.         0.         0.         0.
 0.         0.3152089  0.32777658]
color diff: 10.76




######## Test 8 ########
tensor([0.1176, 0.0000, 0.0000, 0.6182, 0.0000, 0.0000, 0.0000, 0.0000, 0.0000,
        0.0000, 0.0000, 0.0000, 0.0000, 0.1039, 0.0000, 0.0000, 0.0000, 0.0000,
        0.0000, 0.0000, 0.0000])
################
[0.         0.         0.         0.         0.         0.
 0.         0.31234163 0.         0.         0.         0.
 0.         0.         0.         0.         0.         0.
 0.         0.5276609  1.1568732 ]
color diff: 7.59

[0.        0.        0.        0.        0.        0.        0.
 0.        0.        0.        0.        0.        0.        0.
 0.        0.        0.        0.        0.2516049 0.6549245 0.       ]
color diff: 9.52

[0.17681007 0.         0.         0.         0.         0.
 0.         0.         0.         0.         0.         0.
 0.         0.         0.         0.         0.11758569 0.
 0.         0.7681944  0.        ]
color diff: 11.35