涂料种类：10种
训练数据：10种中选择3种生成相应的配方
配方筛选：涂料浓度小于0.1时舍去
输出结果：色差最小的top3


######## Test Sample 0 ########
[0.         0.62109834 0.20333298 0.         0.34706515 0.
 0.         0.         0.         0.        ]
color diff: 2.40

[0.         0.5537778  0.19767232 0.         0.29227626 0.
 0.         0.         0.         0.        ]
color diff: 3.20

[0.         0.49355006 0.15872766 0.         0.20022191 0.
 0.         0.         0.         0.        ]
color diff: 4.27




######## Test 0 ########
tensor([0.0000, 0.0000, 0.0000, 0.0000, 0.5085, 0.0000, 0.6422, 0.1867, 0.0000,
        0.0000])
################
[0.         0.7129756  0.15150115 0.         0.         0.
 0.         0.         0.         0.8568826 ]
color diff: 11.87

[0.         0.10573402 0.35288814 0.         0.         0.
 0.         0.         0.         0.49815947]
color diff: 13.06

[0.        0.7848609 0.1333885 0.        0.        0.        0.
 0.        0.        0.       ]
color diff: 13.28




######## Test 1 ########
tensor([0.0000, 0.0000, 0.0000, 0.0000, 0.4970, 0.7305, 0.0000, 0.0000, 0.6071,
        0.0000])
################
[0.         0.52832377 0.49191478 0.         0.13148631 0.
 0.         0.         0.         0.        ]
color diff: 1.04

[0.         0.         0.5224265  0.         0.74965924 0.
 0.         0.         0.         0.        ]
color diff: 1.09

[0.         0.5676928  0.44576567 0.         0.         0.
 0.         0.14852005 0.         0.        ]
color diff: 1.86




######## Test 2 ########
tensor([0.0000, 0.0000, 0.0000, 0.6692, 0.0000, 0.0000, 0.0000, 0.2869, 0.2889,
        0.0000])
################
[0.         1.2077482  0.52683246 0.         0.         0.
 0.         0.         0.         0.74609697]
color diff: 4.40

[0.         0.         0.16656855 0.         0.         0.
 0.         0.5070696  0.         0.        ]
color diff: 4.55

[0.         0.         0.34737656 0.         0.         0.
 0.         0.         0.         0.9315119 ]
color diff: 4.82




######## Test 3 ########
tensor([0.0000, 0.0000, 0.0000, 0.3134, 0.3851, 0.0000, 0.2827, 0.0000, 0.0000,
        0.0000])
################
[0.         0.499868   0.26749265 0.         0.         0.
 0.         0.         0.         2.3241072 ]
color diff: 3.16

[0.        0.7377041 0.2489067 0.        0.        0.        0.
 0.        0.        0.       ]
color diff: 4.01

[0.         0.45659548 0.         0.         0.         0.
 0.         0.         0.         0.        ]
color diff: 4.34




######## Test 4 ########
tensor([0.0000, 0.3961, 0.0000, 0.0000, 0.6971, 0.0000, 0.0000, 0.0000, 0.7173,
        0.0000])
################
[0.        0.        0.        0.        0.        0.        0.
 0.        0.695728  1.1925417]
color diff: 2.74

[0.         0.         0.13987766 0.         0.45315528 0.
 0.         0.         0.         0.        ]
color diff: 4.10

[0.        0.        0.3946329 0.        0.        0.        0.
 0.        0.        0.       ]
color diff: 4.54




######## Test 5 ########
tensor([0.0000, 0.8447, 0.0000, 0.0000, 0.6370, 0.0000, 0.0000, 0.5661, 0.0000,
        0.0000])
################
[0.         0.         0.45133853 0.         0.84983504 0.
 0.         0.13504414 0.         0.        ]
color diff: 6.07

[0.         0.50185734 0.32237637 0.         0.4026524  0.
 0.         0.         0.         0.        ]
color diff: 6.73

[0.         0.25001904 0.29051813 0.         0.         0.
 0.         0.         0.         0.        ]
color diff: 6.84




######## Test 6 ########
tensor([0.0000, 0.5646, 0.0000, 0.0000, 0.0000, 0.2207, 0.6327, 0.0000, 0.0000,
        0.0000])
################
[0.         0.         0.14496607 0.         0.         0.
 0.         0.         0.         0.44320947]
color diff: 14.75

[0.         0.         0.2384218  0.         0.18971498 0.
 0.         0.5252811  0.         0.        ]
color diff: 15.33

[0.         0.         0.38469285 0.         0.4283186  0.
 0.         0.         0.         0.59660566]
color diff: 16.83




######## Test 7 ########
tensor([0.0000, 0.0000, 0.0000, 0.0000, 0.8267, 0.0000, 0.0000, 0.5299, 0.0000,
        0.6872])
################
[0.         0.94115937 0.         0.         0.         0.
 0.         0.         0.12879291 0.27203217]
color diff: 14.46

[0.         0.         0.20134757 0.         0.         0.
 0.         0.         0.         0.92894363]
color diff: 14.72

[0.         0.         0.14582734 0.         0.         0.
 0.         0.6681179  0.         0.        ]
color diff: 15.82




######## Test 8 ########
tensor([0.0000, 0.0000, 0.0000, 0.0000, 0.4009, 0.0000, 0.2915, 0.0000, 0.6628,
        0.0000])
################
[0.         0.90337235 0.32347763 0.         0.5098655  0.
 0.         0.         0.         0.        ]
color diff: 5.43

[0.        0.        0.2515478 0.        0.6177473 0.        0.
 0.        0.        0.5359753]
color diff: 7.06

[0.         0.         0.45405537 0.         0.         0.
 0.         0.         0.         0.881734  ]
color diff: 7.21