涂料种类：21种
训练数据：21种中选择1-5种生成相应的配方
配方筛选：涂料浓度小于0.1时舍去
输出结果：色差最小的top3

######## Test Sample 0 ########
[0.10972801 1.7376794  0.         0.         0.         0.
 0.         0.         0.         0.21663238 0.33070272 0.
 0.17270185 0.         0.14819501 0.18255793 0.         0.
 0.         0.         0.        ]
color diff: 20.19

[0.         0.36228624 0.         0.         0.         0.
 0.9096814  0.         0.         0.         0.         0.
 0.         0.         0.26315597 0.         0.         0.
 0.         0.         0.        ]
color diff: 24.31

[0.         0.38581568 0.         0.         0.         0.
 0.53852695 0.         0.         0.         0.         0.
 0.         0.         0.         0.         0.         0.
 0.         0.         0.        ]
color diff: 24.37




######## Test 0 ########
tensor([0.0000, 0.0000, 0.0000, 0.0000, 0.0000, 0.0000, 0.0000, 0.0000, 0.0000,
        0.0000, 0.0000, 0.0000, 0.0000, 0.0000, 0.0000, 0.0000, 0.6914, 0.0000,
        0.7887, 0.0000, 0.0000])
################
[0.         0.48770705 0.         0.5749115  0.         0.
 0.         0.         0.         0.1321335  0.         0.
 0.         0.         0.         0.         0.5357982  0.
 0.         0.         0.        ]
color diff: 35.64

[0.         1.0776907  0.21619497 0.         0.         0.
 0.16231537 0.         0.         0.         0.         0.
 0.         0.         0.         0.         0.         0.
 0.         0.         0.        ]
color diff: 35.68

[0.         0.8219979  0.         0.5136456  0.         0.
 0.         0.         0.         0.10959777 0.         0.
 0.         0.         0.         0.         0.6259952  0.
 0.         0.         0.        ]
color diff: 36.60




######## Test 1 ########
tensor([0.0000, 0.0000, 0.0000, 0.4616, 0.3629, 0.0000, 0.0000, 0.0000, 0.2031,
        0.0000, 0.0000, 0.1687, 0.0000, 0.0000, 0.2025, 0.0000, 0.0000, 0.0000,
        0.0000, 0.0000, 0.0000])
################
[0.        0.8123303 0.        0.4729071 0.        0.7004135 0.
 0.        0.        0.        0.        0.        0.        0.
 0.        0.        0.        0.        0.        0.        0.       ]
color diff: 8.29

[0.         0.45556396 0.         0.88895726 0.         0.
 1.02814    0.         0.         0.         0.         0.
 0.         0.         0.         0.18867141 0.         0.
 0.         0.         0.        ]
color diff: 8.35

[0.         0.6050111  0.         0.         0.53974724 0.
 0.12191538 0.         0.         0.         0.         0.
 0.         0.         0.         0.         0.5991115  0.
 0.         0.         0.        ]
color diff: 9.54




######## Test 2 ########
tensor([0.7827, 0.0000, 0.0000, 0.7025, 0.0000, 0.0000, 0.0000, 0.0000, 0.0000,
        0.0000, 0.0000, 0.6773, 0.0000, 0.0000, 0.0000, 0.8620, 0.0000, 0.0000,
        0.0000, 0.0000, 0.0000])
################
[0.         0.59660363 0.         0.         0.38634402 0.
 0.         0.         0.         0.         0.         0.
 0.         0.         0.         0.         0.         0.
 0.         0.56376934 0.12746297]
color diff: 4.93

[0.         0.2968347  0.         0.83427316 0.         0.
 0.         0.         0.         0.         0.         0.
 0.         0.         0.         0.         0.70796025 0.
 0.         0.         0.        ]
color diff: 5.00

[0.         0.         0.         0.         0.11311009 0.
 0.         0.         0.         0.         0.         0.
 0.         0.         0.         0.2608331  0.         0.
 0.         0.         0.        ]
color diff: 5.22




######## Test 3 ########
tensor([0.0000, 0.0000, 0.0000, 0.2676, 0.0000, 0.2306, 0.0000, 0.3611, 0.0000,
        0.0000, 0.0000, 0.0000, 0.0000, 0.0000, 0.0000, 0.0000, 0.0000, 0.0000,
        0.5189, 0.0000, 0.0000])
################
[0.         0.48944798 0.14479043 0.         0.17071006 0.
 0.         0.         0.6773953  0.         0.         0.
 0.14355762 0.         0.         0.         0.         0.
 0.         0.5281137  0.        ]
color diff: 31.03

[0.         0.8873776  0.20679227 0.         0.2552276  0.
 0.         0.21897541 0.         0.18743584 0.16329074 0.
 0.         0.         0.         0.         0.         0.
 0.         0.         0.        ]
color diff: 31.47

[0.         0.         0.         0.15458402 0.         0.
 0.         0.         0.48678464 0.11428162 0.59023    0.
 0.         0.         0.         0.         0.         0.
 0.2438203  0.         0.        ]
color diff: 31.79




######## Test 4 ########
tensor([0.5402, 0.0000, 0.0000, 0.0000, 0.0000, 0.0000, 0.5050, 0.1798, 0.2373,
        0.0000, 0.0000, 0.0000, 0.0000, 0.0000, 0.0000, 0.0000, 0.0000, 0.0000,
        0.0000, 0.3919, 0.0000])
################
[0.         0.         0.         0.6708818  0.7113866  0.
 0.         0.         0.         0.18879068 0.65657693 0.
 0.         0.         0.         0.         0.         0.
 0.         0.         0.        ]
color diff: 4.39

[0.        0.5383059 0.        0.5911566 0.        0.        0.
 0.        0.        0.        0.        0.        0.        0.
 0.        0.        0.        0.        0.        0.        0.       ]
color diff: 4.44

[0.         0.         0.         0.         0.         0.
 0.7147858  0.         0.         0.         0.         0.
 0.         0.         0.32073143 0.16381845 0.         0.
 0.         0.         0.        ]
color diff: 4.54




######## Test 5 ########
tensor([0.3239, 0.0000, 0.0000, 0.0000, 0.4942, 0.8968, 0.0000, 0.0000, 0.0000,
        0.0000, 0.8406, 0.0000, 0.0000, 0.3989, 0.0000, 0.0000, 0.0000, 0.0000,
        0.0000, 0.0000, 0.0000])
################
[0.         0.86978155 0.         0.51947236 0.         0.
 0.         0.         0.         0.         0.         0.
 0.         0.         0.10320625 0.         0.         0.
 0.         0.         0.        ]
color diff: 9.87

[0.         0.8230047  0.         0.         0.82080764 0.
 0.         0.         0.         0.         0.         0.
 0.         0.         0.         0.         0.         0.
 0.         0.         0.        ]
color diff: 10.14

[0.         0.26355854 0.         0.         0.4459386  0.
 0.         0.         0.         0.57978296 0.         0.
 0.         0.         0.         0.         0.         0.
 0.         0.42633036 0.        ]
color diff: 10.51




######## Test 6 ########
tensor([0.0000, 0.0000, 0.0000, 0.0000, 0.2836, 0.0000, 0.0000, 0.0000, 0.3213,
        0.0000, 0.0000, 0.0000, 0.0000, 0.0000, 0.3867, 0.0000, 0.0000, 0.1931,
        0.0000, 0.0000, 0.5862])
################
[0.         0.8893628  0.         0.         0.         0.
 0.95544046 1.3875207  0.         0.         0.         0.
 0.         0.         0.         0.         0.         0.
 0.         0.         0.        ]
color diff: 10.23

[0.         0.161907   0.         0.         0.         0.
 0.11615058 0.         0.         0.         0.         0.
 0.         0.         0.13402174 0.21133271 0.         0.
 0.         0.         0.        ]
color diff: 10.44

[0.         1.0646732  0.         0.         0.         0.
 0.5035277  0.         0.         0.32792532 0.         0.
 0.18114409 0.         0.         0.15278135 0.10453684 0.
 0.         0.         0.        ]
color diff: 10.51




######## Test 7 ########
tensor([0.0000, 0.0000, 0.2803, 0.4187, 0.0000, 0.0000, 0.2518, 0.0000, 0.0000,
        0.0000, 0.0000, 0.0000, 0.0000, 0.0000, 0.6459, 0.7009, 0.0000, 0.0000,
        0.0000, 0.0000, 0.0000])
################
[0.         0.         0.         0.36014408 0.         0.
 0.         0.         0.         0.         0.         0.
 0.         0.         0.         0.         0.         0.
 0.         0.         0.        ]
color diff: 33.70

[0.         0.         0.8945266  0.         0.         0.
 0.33426258 0.         0.         0.         0.         0.
 0.         0.         0.2747335  0.49514818 0.         0.
 0.         0.65281916 0.        ]
color diff: 34.17

[0.         0.43915436 0.         0.         0.         0.
 1.1623688  0.         0.         0.29730982 0.         0.
 0.         0.         0.         0.4258566  0.         0.22903605
 0.13906293 0.         0.39719504]
color diff: 34.39




######## Test 8 ########
tensor([0.1176, 0.5812, 0.0000, 0.0000, 0.0000, 0.0000, 0.0000, 0.0000, 0.0000,
        0.0000, 0.0000, 0.0000, 0.0000, 0.0000, 0.0000, 0.8797, 0.0000, 0.0000,
        0.6778, 0.0000, 0.6091])
################
[0.        0.        0.6529681 0.3826686 0.        0.        0.
 0.        0.        0.        0.        0.        0.        0.
 0.        0.        0.9223838 0.        0.        0.        0.       ]
color diff: 7.11

[0.         0.9398486  0.         0.         0.23047137 0.
 0.         0.56313163 0.         0.         0.         0.47809273
 0.         0.19157591 0.         0.         0.         0.
 0.         0.         0.12803882]
color diff: 7.13

[0.         0.12539908 0.         0.         0.10833983 0.
 0.         0.         0.         0.1157032  0.         0.
 0.         0.         0.         0.40114012 0.         0.
 0.         0.         0.        ]
color diff: 7.16