涂料种类：21种
训练数据：21种中选择3种生成相应的配方
配方筛选：涂料浓度小于0.01时舍去
输出结果：色差最小的top3

######## Test Sample 0 ########
[0.03217286 0.5665774  0.01632894 0.02945952 0.         0.0173996
 0.         0.01061041 0.         0.07664132 0.         0.
 0.14399661 0.01053157 0.19903384 0.0787745  0.         0.04479789
 0.         0.85353523 0.03747392]
color diff: 20.03

[0.02486692 0.45615122 0.         0.         0.         0.01591611
 0.6775816  0.0225298  0.04131913 0.22899772 0.07398564 0.
 0.0326485  0.01668313 0.         0.         0.         0.
 0.11011103 0.11446049 0.18644756]
color diff: 20.70

[0.08066358 0.6209651  0.         0.17676619 0.         0.
 0.         0.22151898 0.         0.1071272  0.13944453 0.07459894
 0.         0.31006566 0.         0.11373588 0.04605398 0.2626532
 0.09000561 0.19105552 0.        ]
color diff: 22.32




######## Test 0 ########
tensor([0.0000, 0.0000, 0.0000, 0.0000, 0.0000, 0.0000, 0.0000, 0.0000, 0.0000,
        0.0000, 0.0000, 0.0000, 0.0000, 0.0000, 0.0000, 0.0000, 0.0000, 0.0000,
        0.7887, 0.3985, 0.4462])
################
[0.01339041 0.01239179 0.         0.         0.7445314  0.04932075
 0.01127352 0.01223165 0.21941157 0.31157666 0.         0.
 0.         0.03486055 0.         0.03674593 0.         0.02227667
 0.         0.2723265  0.        ]
color diff: 5.96

[0.01722206 0.1736576  0.         0.         0.06228384 0.4247144
 0.0302722  0.         0.02271471 0.         0.         0.
 0.         0.         0.07334169 0.01687868 0.         0.28486025
 0.         0.2668687  0.10236632]
color diff: 5.97

[0.38113692 0.04718059 0.1438724  0.0152774  0.13557085 0.03983583
 0.02824356 0.18186258 0.01137731 0.03336738 0.         0.0118071
 0.         0.         0.         0.         0.         0.
 0.         0.72654146 0.        ]
color diff: 6.02




######## Test 1 ########
tensor([0.0000, 0.0000, 0.0000, 0.4616, 0.0000, 0.0000, 0.0000, 0.0000, 0.2031,
        0.0000, 0.0000, 0.0000, 0.0000, 0.4696, 0.0000, 0.0000, 0.0000, 0.0000,
        0.0000, 0.0000, 0.0000])
################
[0.02272448 0.03602701 0.0404819  0.19041681 0.3535207  0.01473124
 0.01535811 0.01540109 0.48648274 0.03392981 0.02389507 0.
 0.         0.01029371 0.         0.08797337 0.         0.01482588
 0.01017201 0.07116248 0.        ]
color diff: 27.27

[0.01821104 0.         0.         0.         0.12043876 0.20564988
 0.42859045 0.01341291 0.13392612 0.06495378 0.         0.
 0.         0.         0.         0.01318291 0.         0.19597995
 0.         0.79584503 0.23757076]
color diff: 33.65

[0.         0.05145042 0.         0.1475814  0.         0.14569111
 0.         0.         0.         0.         0.14182934 0.05992013
 0.09093866 0.         0.         0.06937569 0.02116734 0.
 0.         0.6309863  0.21258326]
color diff: 38.80




######## Test 2 ########
tensor([0.0000, 0.0000, 0.0000, 0.0000, 0.0000, 0.0000, 0.0000, 0.8916, 0.0000,
        0.0000, 0.6174, 0.0000, 0.0000, 0.4364, 0.0000, 0.0000, 0.0000, 0.0000,
        0.0000, 0.0000, 0.0000])
################
[0.05361526 0.         0.         0.         0.17729995 0.37710166
 0.         0.05052396 0.         0.         0.07868894 0.
 0.10340577 0.         0.         0.18849804 0.         0.
 0.27269718 0.6580615  0.05146422]
color diff: 24.26

[0.         0.         0.         0.14021195 0.         0.24511623
 0.         0.         0.         0.         0.2576477  0.0499697
 0.2669016  0.         0.0377268  0.17761634 0.         0.
 0.         0.36755192 0.11253995]
color diff: 30.40

[0.01818189 0.03854794 0.03037883 0.01407669 0.01871756 0.02063817
 0.         0.01684002 0.38937747 0.03147767 0.03026322 0.
 0.         0.         0.03304413 0.333291   0.         0.
 0.01092531 0.02279125 0.        ]
color diff: 36.30




######## Test 3 ########
tensor([0.0000, 0.0000, 0.0000, 0.0000, 0.0000, 0.0000, 0.0000, 0.0000, 0.0000,
        0.1685, 0.5164, 0.0000, 0.0000, 0.0000, 0.0000, 0.0000, 0.0000, 0.0000,
        0.5189, 0.0000, 0.0000])
################
[0.04247111 0.07756657 0.         0.08879507 0.         0.
 0.         0.13398357 0.         0.         0.09389045 0.
 0.         0.15408133 0.         0.03475851 0.         0.
 0.05508514 0.26744455 0.2195341 ]
color diff: 29.36

[0.01615126 0.04848293 0.         0.01194624 0.03885256 0.36085892
 0.01302347 0.01647281 0.5183806  0.76802444 0.56337416 0.0114232
 0.         0.03218548 0.         0.05912529 0.         0.
 0.0109829  0.01725841 0.        ]
color diff: 29.46

[0.         0.         0.         0.2251851  0.         0.6876945
 0.         0.         0.1514308  0.09510009 0.         0.
 0.         0.         0.         0.         0.         0.13425103
 1.1285218  0.55830413 0.        ]
color diff: 29.69




######## Test 4 ########
tensor([0.5402, 0.0000, 0.0000, 0.0000, 0.0000, 0.0000, 0.0000, 0.0000, 0.0000,
        0.0000, 0.0000, 0.0000, 0.0000, 0.6362, 0.0000, 0.0000, 0.0000, 0.0000,
        0.0000, 0.3919, 0.0000])
################
[0.         0.02516746 0.6657759  0.         0.         0.36614293
 0.17974183 0.02652089 0.         0.         0.01338388 0.01905304
 0.         0.015567   0.01287925 0.04521531 0.01313092 0.
 0.04033792 0.42293003 0.02659725]
color diff: 13.31

[0.36865696 0.1480446  0.         0.18860957 0.         0.
 0.         0.         0.01922763 0.03033348 0.06656662 0.
 0.         0.13983774 0.         0.         0.         0.0716821
 0.19164245 0.3823352  0.        ]
color diff: 13.80

[0.         0.10209226 0.         0.         0.         0.25256371
 0.46177208 0.         0.01667414 0.         0.         0.
 0.01399936 0.04691582 0.01502726 0.         0.         0.
 0.         0.63765013 0.19436437]
color diff: 14.04




######## Test 5 ########
tensor([0.3239, 0.0000, 0.0000, 0.0000, 0.0000, 0.0000, 0.0000, 0.0000, 0.6632,
        0.0000, 0.0000, 0.0000, 0.0000, 0.0000, 0.0000, 0.0000, 0.0000, 0.8245,
        0.0000, 0.0000, 0.0000])
################
[0.05042373 0.13491705 0.         0.9964231  0.         0.3042634
 0.06192188 0.08553846 0.         0.         0.         0.15934786
 0.17932415 0.         0.09583652 0.18205313 0.05825526 0.
 0.05127349 0.63926566 0.06146909]
color diff: 18.10

[0.04735789 0.         0.         0.19931677 0.01330138 0.06921171
 0.         0.5490414  0.         0.         0.01707498 0.
 0.         0.22239079 0.14088722 0.         0.         0.
 0.0193549  0.8068629  0.        ]
color diff: 18.17

[0.         0.02860579 0.4740442  0.         0.         0.76538944
 0.         0.17469779 0.03249586 0.         0.         0.
 0.         0.04190247 0.         0.04086648 0.01722007 0.22819221
 0.         0.02698948 0.        ]
color diff: 18.21




######## Test 6 ########
tensor([0.0000, 0.0000, 0.0000, 0.0000, 0.2836, 0.0000, 0.0000, 0.0000, 0.0000,
        0.0000, 0.0000, 0.0000, 0.2139, 0.0000, 0.0000, 0.0000, 0.0000, 0.1931,
        0.0000, 0.0000, 0.0000])
################
[0.87086684 0.         0.         0.         0.         0.47188747
 0.19752215 0.0250337  0.         0.         0.         0.
 0.         0.         0.         0.18958804 0.         0.
 0.         0.         0.04365404]
color diff: 12.23

[0.         0.         0.         0.14021195 0.         0.24511623
 0.         0.         0.         0.         0.2576477  0.0499697
 0.2669016  0.         0.0377268  0.17761634 0.         0.
 0.         0.36755192 0.11253995]
color diff: 18.24

[0.02157142 0.05577434 0.05388299 0.2971143  0.06410814 0.04509757
 0.02104846 0.02333953 0.49889687 0.04410188 0.01665189 0.018072
 0.01752834 0.02925943 0.01320957 0.16828173 0.01054302 0.01289132
 0.01706893 0.04803653 0.01428915]
color diff: 18.91




######## Test 7 ########
tensor([0.0000, 0.0000, 0.2803, 0.0000, 0.0000, 0.0000, 0.0000, 0.7740, 0.0000,
        0.0000, 0.0000, 0.0000, 0.0000, 0.0000, 0.0000, 0.7009, 0.0000, 0.0000,
        0.0000, 0.0000, 0.0000])
################
[0.         0.10575867 0.         0.         0.02374873 0.
 0.01663655 0.         0.         0.         0.         0.
 0.4089054  1.350065   0.         0.         0.         0.
 0.         0.48980105 0.07198732]
color diff: 2.71

[0.02114544 0.0558071  0.         0.01291007 0.         0.14890718
 0.47846714 0.         0.01320905 0.         0.         0.01904239
 0.01203423 0.         0.         0.03785298 0.         0.
 0.         0.8119602  0.14281563]
color diff: 3.27

[0.         0.         0.0127398  0.02218806 0.6761461  0.
 0.         0.50204396 0.         0.04611371 0.03654321 0.
 0.         0.         0.02827114 0.01204703 0.         0.07144479
 0.         0.04787193 0.        ]
color diff: 4.44




######## Test 8 ########
tensor([0.1176, 0.0000, 0.0000, 0.6182, 0.0000, 0.0000, 0.0000, 0.0000, 0.0000,
        0.0000, 0.0000, 0.0000, 0.0000, 0.1039, 0.0000, 0.0000, 0.0000, 0.0000,
        0.0000, 0.0000, 0.0000])
################
[0.         0.35158396 0.04475178 0.2503102  0.         0.
 0.02135943 0.2720608  0.02896382 0.0162957  0.         0.
 0.1303426  0.04902012 0.         0.         0.         0.
 0.         0.5863994  0.0514169 ]
color diff: 6.67

[0.         0.51359296 0.3295426  0.         0.         0.13829766
 0.         0.         0.         0.         0.11495078 0.01445453
 0.03667698 0.         0.         0.03493738 0.         0.10721002
 0.         0.4217651  0.        ]
color diff: 7.32

[0.01361655 0.02763809 0.01372574 0.61115867 0.03768971 0.29399782
 0.01763482 0.017998   0.02175029 0.34356737 0.01604367 0.01267382
 0.01306251 0.02634193 0.         0.01995108 0.         0.01193167
 0.0104951  0.02665843 0.        ]
color diff: 7.73