涂料种类：6种
训练数据：6种中选择3种生成相应的配方
配方筛选：涂料浓度小于0.1时舍去
输出结果：色差最小的top3


######## Test Sample 0 ########
[0.         0.7414668  0.17702307 0.         0.19541351 0.        ]
color diff: 0.88

[0.         0.67234147 0.1637123  0.         0.2025396  0.        ]
color diff: 1.11

[0.         0.64824593 0.18782532 0.         0.24806914 0.        ]
color diff: 1.21




######## Test 0 ########
tensor([0.1173, 0.8713, 0.0000, 0.0000, 0.1814, 0.0000])
################
[0.         0.64013946 0.22041894 0.         0.49542448 0.        ]
color diff: 1.98

[0.19820197 0.         0.         0.49097434 0.8219881  0.        ]
color diff: 2.24

[0.         0.3120524  0.1547104  0.         0.42302182 0.        ]
color diff: 2.38




######## Test 1 ########
tensor([0.0000, 0.6607, 0.0000, 0.8181, 0.0000, 0.1469])
################
[0.         0.26976705 0.15429455 0.         0.56004405 0.        ]
color diff: 1.73

[0.        0.9144403 0.1368527 0.        0.        0.       ]
color diff: 2.13

[0.         1.2264506  0.         0.         0.10577638 0.        ]
color diff: 2.48




######## Test 2 ########
tensor([0.8282, 0.1018, 0.0000, 0.0000, 0.0000, 0.8862])
################
[0.         0.22183381 0.26092705 0.         0.46052852 0.        ]
color diff: 0.37

[0.         0.         0.28474063 0.         0.4279812  0.        ]
color diff: 0.52

[0.         0.44371575 0.29906163 0.         0.5053414  0.        ]
color diff: 0.53




######## Test 3 ########
tensor([0.0000, 0.0000, 0.8817, 0.3921, 0.4296, 0.0000])
################
[0.         0.24651398 0.2660154  0.         0.63778645 0.        ]
color diff: 0.48

[0.         0.68251574 0.         0.         0.32773173 0.        ]
color diff: 1.43

[0.         0.6118618  0.17790712 0.         0.56705236 0.        ]
color diff: 1.49




######## Test 4 ########
tensor([0.1054, 0.0000, 0.3736, 0.1315, 0.0000, 0.0000])
################
[0.         0.         0.22232428 0.         0.49226978 0.        ]
color diff: 1.13

[0.         0.4525272  0.         0.         0.47095013 0.        ]
color diff: 2.60

[0.         0.33575803 0.20635642 0.         0.523976   0.        ]
color diff: 2.76




######## Test 5 ########
tensor([0.6285, 0.0000, 0.6866, 0.0000, 0.6079, 0.0000])
################
[0.         0.         0.20594513 0.         0.65573263 0.        ]
color diff: 0.36

[0.         0.3309096  0.2036774  0.         0.51834595 0.        ]
color diff: 0.48

[0.         0.         0.11114075 0.         0.63393843 0.        ]
color diff: 0.61




######## Test 6 ########
tensor([0.0000, 0.4389, 0.0000, 0.0000, 0.1941, 0.2367])
################
[0.         0.21025938 0.         0.         0.4972227  0.        ]
color diff: 0.31

[0.         0.89618176 0.14045213 0.         0.2664906  0.        ]
color diff: 0.41

[0.         0.5650028  0.28383547 0.         0.4245547  0.        ]
color diff: 0.47




######## Test 7 ########
tensor([0.2841, 0.0000, 0.0000, 0.1183, 0.8536, 0.0000])
################
[0.         0.         0.19309776 0.23962161 0.6234844  0.        ]
color diff: 0.37

[0.         0.51592183 0.28738898 0.         0.6948552  0.        ]
color diff: 1.04

[0.         0.6733839  0.14852954 0.         0.26542404 0.        ]
color diff: 1.25




######## Test 8 ########
tensor([0.0000, 0.4084, 0.0000, 0.2270, 0.0000, 0.4289])
################
[0.         0.89391595 0.10536895 0.         0.2977984  0.        ]
color diff: 0.52

[0.         0.69507545 0.24240302 0.         0.33499104 0.        ]
color diff: 1.05

[0.         0.3003079  0.25968066 0.         0.42975494 0.        ]
color diff: 1.13